{
    "t_aes": 0.003972291946411133,
    "t_chacha20": 0.0035066604614257812,
    "t_rsa": 3.18719482421875,
    "file_size": 1048576
}
