{
    "t_aes": 0.005044460296630859,
    "t_chacha20": 0.0035402774810791016,
    "t_rsa": 3.537990093231201,
    "file_size": 1048576
}
