{
    "t_aes": 0.009032249450683594,
    "t_chacha20": 0.0045201778411865234,
    "t_rsa": 3.0837082862854004,
    "file_size": 1048576
}
