{
    "t_aes": 0.0035691261291503906,
    "t_chacha20": 0.0025026798248291016,
    "t_rsa": 3.30979323387146,
    "file_size": 1048576
}
