{
    "t_aes": 0.0049970149993896484,
    "t_chacha20": 0.003515481948852539,
    "t_rsa": 3.3485662937164307,
    "file_size": 1048576
}
